                                                                                
  242  0.4500000E+01
   0.6331961  -0.8195610  -5.0067689  -7.0167101   6.9233855  11.0727625
  -7.2752403  12.1614595  27.2602524   8.3265909   5.2481676  10.7805720
  13.4146293 -11.5834578  23.3944564   2.5238425  21.8801923  15.2240793
   1.3431435  17.7870423  16.1583141  11.8947624  -2.0926803  23.8502468
  18.2479701   1.8246978   4.6554814  17.6402682  10.6127560  13.1066489
 -27.1552455-347.9507181 -82.0857182   5.9985562  16.8280724   2.5215665
   5.1972101   2.2915979  17.3207311 200.2164572-166.2745373-119.2323692
  28.8122977  13.1876176   7.3359702  17.5147712  32.7803580   2.5580531
   5.6763631   9.4327759  22.53541021531.69047321821.29148721627.0588548
  14.2887091   4.5185993   8.1121889   8.3952001  15.8162740   7.1116964
   7.5841206  12.8263427  12.9477028   5.8139806  24.6155527   9.8593104
************2108.6423144************  10.1518790  13.6877943   1.9511874
  17.3247258   3.2446386 -10.9008485  -4.1627427  21.9953948  22.7164591
   6.8912253 -78.6611413-161.2619600  -0.1827759  13.0059040   2.7112605
  11.2325396   7.8054715  -4.8034304  -7.1975132   2.5227790  12.5802340
  20.1662580  -4.5147764  12.3621839   3.2352687   7.7041450   6.4847702
************************************  43.1977503  29.1515071 -16.3640473
   0.5695731 -85.0664736 164.4528501  11.6137602  17.0585869   0.6850284
  -0.8668435  19.7737292 -29.7120740   2.6266918  -0.9151307 -17.5913562
   9.5713112   7.9399509 -19.9212224   0.8595239  10.0029899 -15.8410846
  23.3725839  11.5708545  -3.1476713  31.8770248  13.7992947   5.1517657
 417.3920575 593.8437641 369.7051623  10.2672409   1.1838547 -20.7635800
  31.4630182   3.9721464   7.6296484************1322.72817071223.2854104
  16.4044181   7.8229465  -3.4314153  13.7674278  17.1799788 -11.6864492
  10.4331193  18.2892888  -8.29384381293.78861891518.4174783************
   6.2253524  29.7054206  -1.59398552720.9620628************  76.1903769
  28.7230292  17.9237979  -6.2986876  -6.5095505  31.5935519   5.6528649
  13.4033240 -66.0308066  22.2738665  11.1476218  14.2696281  -4.9474439
************1391.36507191641.9383940 -65.4592233-158.0898254 164.7052200
  20.6551714  11.8067652  -0.6021986************1518.6450978************
1522.1313376-641.59018501610.4520405   3.9603300   6.6912946 -21.5297353
  -3.8958779   2.3432089  -9.6490542   3.7678599   1.0809931  -6.3983094
  76.5508516  97.3960984 -97.5993805  -1.5348712 -17.8618655  17.0315257
   1.5024091 -35.0450549  23.1921532   5.7423810  -7.9387111  15.0450192
  -2.7216960 -20.7660870  13.5190738  16.2772955   0.1420752   1.4526708
  17.2947395  -8.0714995  17.0137116  18.6341070 -22.0683342  11.9887829
************1379.5367175************1485.0896306 485.16321221475.4133294
-505.1913402 467.03184911267.7221292************1422.45113281448.6352325
   3.7336974  39.0459050-221.5998304  27.7332310  -6.9535295   8.1247709
   0.4869138 -32.8122170  -4.4654508  19.2364925  -9.4783634   5.0351455
 101.3194427-118.6717577  32.3782146   7.2159978   1.1833340  29.6050934
   2.3723744  -4.8622689   8.0643761  13.3115352  10.2348440  13.2507798
-159.4435842-269.9754363 -61.9320384  19.0814394 -19.2920848   4.1078614
  23.4114114 -21.0396128  10.18830491403.5419751************************
  -0.7456360 -13.8167342  24.5833076   5.5441236 -16.8338508  26.4245583
************ 916.1094225************1407.1178650************1421.0095026
  22.4461973 -37.7801934 -17.6484497  24.0905858 -37.0355511  11.0460870
  10.4771109   3.2866507   3.4902082************ 913.60751181704.1966929
-421.7108975 -59.4461453 539.8279730  13.1794499 -26.7731953 -10.5465455
   2.1913062  -4.9126749  -7.6402099  17.2919667 -19.0248738 -10.0595811
   4.6935937  13.9162837  -4.7883135  -4.5075622  27.3300136 -11.9206948
  14.5287905   8.4072532   3.7465766   2.9717460 -20.2809200 -28.0714173
  -0.3777551 -11.2846010 -19.4518145   9.8031480 -10.1865737 -17.7092793
-327.8041027  -1.2801658 288.0656094  -1.9098663 -40.2309525 -30.0477379
  27.7399380  -0.3292192   7.4785622   7.8822152  -4.6216899 -18.8726981
   6.2259928   0.9124041   3.18111471460.2942919************1368.3921398
 584.1453194-227.3414280************  29.5374103   4.6318988  -5.5687930
1888.93554872219.27059881838.3784451  18.2459237  -3.4814681  -4.4898604
   7.8306008  -6.6951238 -11.7646365  -0.2813722 -30.4865283 -12.1428974
   2.5432982  -0.1420397  -0.2997771  12.8480094   6.0926186 -17.2238163
  63.1234828  -4.7070647  -6.0630741   0.8787731  -7.1906141 -20.4525545
  11.8415035 -11.2035471 -23.7265624  20.6770324  14.2846462  -9.0784986
 -11.7728532  11.7528410   3.6325401 -12.9235833   1.4156111  22.1636389
  -1.6702336  12.7615151  10.2297450 -13.1209611  18.0949506   5.2481394
1403.8818363************************************1474.65448731473.2286364
 435.81527263775.3029726************  -1.4150500   6.1022064  -8.3217903
 -25.4804115  20.8446880   8.0962286 -33.5531129  12.2538698   6.9394786
 -30.5017617  37.3873744  13.5497795************************ 960.4016735
  -6.3653109  24.3230237  -4.7667299 -16.3244043   8.3992865  17.2392046
   1.8465248  24.9172358  12.4499234 -18.1336988   2.2444400   4.8920067
  -9.4702583   8.9516372   0.95869621459.5451920************************
 -12.0087580   7.8182670  16.3267619 -12.0192208  16.1273544   2.0420014
  -1.5002416   5.0810796  12.5207020  10.6286310   3.2987128  -3.8783193
 -27.9998270 -42.0319501 285.2000771  -9.5082391  -3.6560297  30.6308963
  26.2614501-299.3053668  29.6990433-112.2592830 203.1799705 -33.8646248
  -4.8978775  -2.2380106  19.0958855 -12.5526687  19.8036112 -23.1555775
   6.1247567  13.2555342 -12.9935756  -4.4801227   7.4470811 -24.1812413
   2.6371168  11.3412987 -19.1667410  -6.3551946  15.4498519 -21.3879878
  -6.1094734   5.2416281 -10.9556106 -40.3572127  27.3487295  16.8699818
 -11.4567648  14.3362607  -6.7161263 -14.8059313  16.2497320  -0.6062057
 -12.3071873   6.2697277   4.2253103 -17.8573599  29.7301569  -9.7777503
1266.5255339************************ -13.5825230   1.2170591  -2.5813306
 140.2036650 186.7972004  57.5194392 -27.4475223  11.7346899 -14.6529547
  -5.5715163  17.8698256 -11.6663030  -6.0093415  18.4960390   3.0266842
 -19.5261118  27.5434017   3.6371083 -18.8195756 -19.1984772  14.1287978
 -12.6316662   0.2948192  11.2592085   7.7973642  16.1082575  -4.2271024
  -3.6592654   7.0981566  -0.6452228  -8.1402857  26.1993035 -16.4087739
  -3.3114041   9.8522070  -3.3483195 -26.1121599 -10.4990549  -5.4037453
  -6.6791361   0.0211413  -7.8213562 -12.4476974   2.9349913  -8.3503102
  43.8530778  12.2059972 -35.53369141313.0026508************1374.1198746
  -1.7482883  -4.6559823 -20.0828906  -0.6962092  17.7342485 -11.7577906
 -16.1236694  -6.0879337  16.1953949 -11.9643789  -5.7468612  18.7365137
 -19.0975826   6.2633610  20.4869658  -7.3147551 -16.2650464  -0.0005375
 -23.7923205 -13.9730662   2.46792421005.6617776************************
  -7.3834735 -21.9807623  21.4325651   1.0992392 -17.3612677  -0.9643376
************************1492.4633939************************************
 -10.6132621  -6.6885360 -24.4640747 -13.7644891  -4.7366975  11.0036660
 196.4150533 622.0986433-948.3075379 -33.0451761  -7.7576157   3.1726387
  -3.8659879  -7.4736866   3.0561729 -10.4245128  -4.4270942  26.9725007
  -9.1265662 -11.2007509   1.4899245  -2.5119507 -14.1906172  -1.7010377
  46.8428828-102.0404863 -29.4136612  -7.8938067  -4.7353853  20.3889039
 -16.4488555  -1.4321031  13.4596017 -21.8435284 -21.8902245  -2.2854610
 -26.2447233 -17.1096272   4.7038761 -74.1147240  28.1671712   8.3072952
   9.1366556  -4.4100672   3.1562878  -5.6209042 -22.4857880   8.6382085
 -14.6232445 -10.5279594  12.7442190 -15.8667759 -35.3969262  -7.2836634
  -1.1530828  -1.4280712  18.5912442  -2.1534187  -6.2190999  10.5942267
************  -4.22681342854.9202745 -34.4839641   8.5485955 -36.4699596
 330.1530145 -58.3425934-307.6867499  -8.3751675   2.4647688 -17.7313483
 -19.8395269 -12.7424537  -1.7131415************************************
  -5.6656470  -8.9361146 -16.0840334   3.6898987 -11.6503730  -5.9507025
   0.5595237 -11.9333058  -8.8173879 -16.1251271  -0.6341000   6.2233014
  -6.6710592   3.5977635 -23.9015593 -23.0849989 -10.7370514  -1.5660587
 -28.6569879  -6.3865611  -0.1796752  -6.5828309-107.0050468  77.5011393
 -29.0063523  11.6305511 -21.1894312  -8.7161215 -11.9420728 -19.7325174
 -11.0944084 -16.9688029  -4.0500599 -15.5563850  -4.5379735 -32.9240132
************************1385.8871639 -18.8452249   4.9362927  14.7948090
************1031.5427935************  -9.6098094 -18.1002841  -9.4425001
  -7.2515911 -30.0264409  -5.8857860-124.8657167 262.4006078-128.1328058
************ 691.41915721239.5271522  -4.5665404  -1.4640660 -17.1786082
 101.2853838-209.6981712  10.8353128 -13.2117236 -10.1045789 -45.0599347
************************************  -5.2261650  -9.2299622  -9.7315633
  -0.1470963   0.1109480  -0.1475124   0.3933965   0.0912836  -0.0281412
   0.0027436   0.0037803   0.0028158   0.0009645  -0.0030677  -0.0149965
   0.0377529  -0.0160551   0.0262373  -0.0026276   0.0610490  -0.0441075
   0.1403042  -0.1638612   0.0240989   0.0304579  -0.0040929  -0.0592244
  -0.0975923  -0.0187236   0.0001064  -0.0266723  -0.0030068   0.0015338
  -0.1618577   0.1746901   0.0368669   0.0084371  -0.0101932  -0.0027522
  -0.1508280  -0.0886780  -0.4866257  -0.0629778  -0.3594033   0.4015457
   0.0484755  -0.2052977   0.0637780   0.0576981  -0.0012376   0.0127006
   0.0335419  -0.0386372   0.0118665   0.0090020  -0.0180743   0.0127209
  -0.0036326  -0.0176937  -0.0352176  -0.0293876  -0.0145714   0.0142671
   0.0504282   0.0349147   0.2459098  -0.0075623   0.0056177   0.0076386
   0.0009557   0.0232353  -0.0021190  -0.0205810  -0.0166023   0.0054919
   0.0050513  -0.0006171   0.0041913  -0.1643308  -0.2224571  -0.0492138
   0.0301322  -0.0135930   0.0156032   0.0171717  -0.0015603   0.0142113
  -0.0132792  -0.0096167   0.0414288  -0.0142808   0.0289213  -0.0210871
   0.0639174   0.0153075   0.0470054   0.0114948   0.0204826  -0.0092262
   0.0979143   0.1053504   0.0713933   0.0925144  -0.1899733   0.1713256
   0.0757367  -0.0976326   0.0303943  -0.0138959   0.0301037  -0.0257782
   0.0116055   0.0000041   0.0411222  -0.1271761  -0.0202560   0.0387503
   0.0062887   0.0142196   0.0150148  -0.0082377  -0.0229862   0.0472221
  -0.2242831   0.0196787  -0.1417387   0.0162583   0.0163219  -0.0171344
  -0.0383173  -0.0328298  -0.0380476   0.1981498  -0.1241011  -0.1121409
   0.0021180  -0.0588232   0.0807993   0.0258214   0.0257051   0.1237280
   0.1240319  -0.1608689  -0.0577884  -0.0191618  -0.0060012   0.0167480
   0.0121798  -0.0177085  -0.0030384   0.9703037   0.9892218  -0.8918422
   0.0649393   0.0128066   0.1365604   0.0872577   0.1657094  -0.0959333
   0.0841936  -0.1651067   0.0212173   0.0305668  -0.1436527   0.0039541
  -0.0152812  -0.0214985   0.0057681   0.0882405  -0.0263074  -0.0002721
   0.0044661  -0.0623871   0.0213471   0.1235596  -0.0434139   0.0289039
   0.0169207   0.0010560  -0.0116138  -0.0171094   0.0018794   0.0009822
   0.0257839  -0.0416866  -0.0011455  -0.0613878   0.2744717  -0.2189805
  -0.0210562   0.0171460   0.0149114   0.2882874   0.2387284  -0.1711104
  -0.0360944   0.0131337  -0.0103901  -0.0376361   0.1330361   0.0354859
  -0.3870348   0.1508212   0.1160925  -0.0043511   0.0055774   0.0005367
  -0.0813199  -0.0225500  -0.0945770  -0.0028256   0.0230566   0.0486446
  -0.2179333   0.0932129   0.1711486   0.0196504   0.0179216   0.0081131
   0.0149483  -0.1203989   0.1995656  -0.2562208   0.0150779  -0.1451252
  -0.0066412   0.0020220  -0.0156698   0.0059029   0.0242215  -0.0129221
  -0.0306277   0.0051651  -0.0464808   0.1297264   0.0568229   0.1025137
  -0.1597637  -0.1322747   0.0623957  -0.0085298   0.0470834   0.0085412
   0.1706034   0.2012030  -0.1376174  -0.1199007   0.0450068   0.3431141
  -0.0260434   0.0294718  -0.0028587   0.0220672   0.0031261   0.0020647
  -0.0161022  -0.0219604  -0.0216003   0.2104367  -0.0782801  -0.0258394
  -0.0178652  -0.0298617   0.0183985  -0.0926704  -0.0362335   0.0391425
   0.1135798   0.0856749   0.1931097   0.0016654   0.0002606   0.0000711
  -0.0786813   0.0554343  -0.0538002   0.1156994   0.1161514  -0.0071609
  -0.1236169   0.0351539  -0.0018353  -0.2120861  -0.2758039  -0.1822001
  -0.0472862   0.0197654  -0.0717314   0.0161329  -0.0258453   0.0498914
  -0.1292959  -0.0122866   0.2505438  -0.0004447   0.0247522  -0.0262540
   0.0400359   0.0208734   0.0042568  -0.0112889  -0.0072221  -0.0043267
  -0.1008004   0.0734399   0.0153834  -0.0005485   0.0217219   0.0035989
  -0.0030845  -0.0086945   0.0003622  -0.0208682   0.0067760   0.0192868
   0.0698659   0.1642358  -0.1497297  -0.0415780   0.0418605  -0.0008840
  -0.0202245   0.0895146   0.0721208  -0.0598821   0.2563282  -0.0854571
   0.1105558   0.0020918   0.0681924   0.0153182  -0.0451756  -0.0194175
   0.0171150  -0.0121876  -0.0134172   0.0254285   0.0036532  -0.0544378
   0.0314332   0.0106143  -0.0074761  -0.0145086  -0.0099351  -0.0108128
  -0.0054466  -0.0440696  -0.0023333  -0.1151346  -0.2327364   0.1411214
   0.0056869   0.0118003  -0.0332045   0.0058736  -0.0048895  -0.0163295
   0.0225506   0.0132984  -0.0404643  -0.0332723  -0.0114289  -0.0126082
  -0.0129793   0.0070450   0.0016260   0.0066901   0.0281438  -0.1813341
   0.0005301   0.0015007  -0.0110664   0.1325224   0.1623432  -0.0724975
   0.0075365   0.1229234   0.2226353   0.1325569  -0.0168162  -0.0055518
  -0.0062929   0.0076741  -0.0051627  -0.0813858   0.1859869  -0.0799124
   0.0196685   0.0194908  -0.0305124  -0.0393332   0.0071510   0.0210960
  -0.0127137   0.0152472  -0.0263278   0.0081896   0.0002368  -0.0086984
   0.0037495  -0.0077962   0.0134341  -0.0462453  -0.0076144  -0.2763614
  -0.0034652  -0.0009103   0.0026452   0.1328498  -0.3212262   0.1018525
   0.1076643   0.0142057  -0.0564337   0.0206377  -0.0182320   0.0096453
   0.0908026  -0.1244489  -0.1525100  -0.0421607   0.1353276  -0.0299588
  -0.0142941   0.0095195   0.0086126   0.8083945  -1.1067962  -0.8591169
   0.0404740  -0.1519879  -0.2420520   0.0040872  -0.0348649  -0.0027236
  -0.0172101   0.0017487   0.0104392   0.1929871  -0.0783145   0.0166633
   0.0478588   0.0559901   0.0213567   0.0108915   0.0129540   0.0055462
  -0.0846551   0.1083883  -0.1902605  -0.0662189  -0.0083003   0.0399456
   0.0702747   0.0143413  -0.0371974  -0.0004302  -0.0007482   0.0001087
  -0.0004288  -0.0056009  -0.0053525   0.0519761   0.0786494  -0.0221779
   0.0029927   0.0394982  -0.0261567  -0.0010927   0.0169371   0.0128518
   0.0183398  -0.0161236   0.0161693  -0.0800882   0.0792755   0.1815701
   0.0021017   0.0148165   0.0072979   0.0142640  -0.0176729   0.0017255
   0.0155231   0.0145092  -0.0034899   0.0016811   0.0018179   0.0032154
  -0.0758611   0.1390451   0.2224867   0.0028616   0.0083672  -0.0132364
  -0.0412261  -0.2636148   0.2309366   0.0054340   0.0195525   0.0063390
   0.0127642   0.0059838   0.0009479   0.0024951  -0.0248795   0.0216701
   0.0046277  -0.0249946   0.1772558   0.1249611  -0.0021712  -0.2728672
  -0.0298517   0.0073431  -0.0201104   0.1549670   0.2049544   0.0610464
  -0.0020769  -0.0091967   0.0074771   0.0176784  -0.0024211   0.0178193
  -0.0131521   0.0192647  -0.0269571   0.0098580   0.0009690   0.0154463
   0.0084228   0.0090929  -0.0187809   0.0422021  -0.0136774   0.0044812
  -0.0348839   0.0531719   0.0203803   0.0050675   0.0048110   0.0111834
  -0.1577536   0.1455620   0.0014528  -0.0193375   0.0004157  -0.0033197
   0.2146257   0.2306791   0.1284541   0.0153019  -0.0008042  -0.0043512
   0.0209389  -0.0060509  -0.0102319   0.1878479  -0.1530764   0.0792661
   0.0238419   0.0018168   0.0038025  -0.0153000   0.0148999  -0.0029943
   0.0394507  -0.0180228  -0.0105895   0.0631718   0.0345640  -0.0093849
   0.1131964   0.0691680   0.0991339   0.0384911  -0.1267677  -0.1216783
   0.1615317   0.1781657   0.1217284  -0.0117807   0.0028645  -0.0267024
   0.0118626   0.0189036  -0.0099113   0.0148149   0.0427775  -0.0046924
   0.0128001   0.0139283   0.0002382   0.0033853   0.0004203  -0.0016486
  -0.0441172   0.2601188   0.1241890  -0.2851330   0.1172949   0.0086356
  -0.0082771  -0.0026759  -0.0094919  -0.0393224  -0.0283719   0.0136587
   0.0137594  -0.0117363  -0.0296419  -0.0063643  -0.0082466  -0.0027847
  -0.2056405   0.1115790   0.0008191   0.0018664  -0.0120350   0.0074780
  -0.0350209  -0.0670810  -0.0510564   0.0099279   0.0162723   0.0032276
  -0.1984388  -0.1460310  -0.1203221  -0.0335774   0.0026706   0.0159164
  -0.0022972  -0.0013165   0.0084537  -0.1468823  -0.2729487  -0.1450567
   0.1974484   0.0353609   0.2136147   0.0264715  -0.0512929  -0.0069671
  -0.0110750  -0.0045079  -0.0109101  -0.0024672  -0.0085744  -0.0000885
   0.0085385  -0.0288536  -0.1840526   0.3127066   0.0629174   0.3014264
  -0.0039294  -0.0128364  -0.0035151  -0.1056244  -0.0666990  -0.2019351
   0.0052011   0.0039260   0.0203928  -0.0422703   0.1140631   0.0057066
  -0.0489089  -0.0827006   0.0024675  -0.0527801   0.0266959   0.0137626
  -0.0591540   0.0455278  -0.0176734   0.0036765  -0.0341255  -0.0144128
  -0.0005223  -0.0210604   0.0222638   0.0028595   0.0142949  -0.0083054
  -0.2162889   0.0350681  -0.2088937   0.0592313  -0.1286537   0.1045002
   0.1040448  -0.3313317  -0.0713701  -0.2710548   0.0472533   0.1972561
  -0.1791826  -0.1709661  -0.1124318  -0.1636238  -0.0303313  -0.0245807
   0.0163468   0.0115413   0.0278177   0.1296311   0.0216703   0.0571814
   0.1686281   0.0132926  -0.0942295   0.0008191  -0.0031839   0.0049170
   0.0754096  -0.0369902  -0.5598547  -0.0024882   0.0007336  -0.0011761
   0.0055086  -0.0180065   0.0140554   0.0096380  -0.0223922  -0.0169293
  40.0000000  40.0000000  40.0000000  90.0000000  90.0000000  90.0000000
