242
O	0.7424985	-2.2981171	-3.3538908	0.0220151	0.0628799	-0.0267983	0.0
C	-8.5276339	6.2363656	6.4467616	-0.0464777	0.0108289	-0.0426124	0.0
C	-7.1887378	12.3295502	27.0186168	-0.0841694	-0.0747331	-0.0038892	0.0
C	8.794039	4.9744665	10.140762	0.0926061	-0.0924174	-0.0533387	0.0
C	13.2159136	-11.4795172	23.3183223	-0.0146932	-0.2344915	-0.259799	0.0
C	2.4167032	21.5301144	15.3716733	0.0021696	-0.0653574	0.2671504	0.0
C	-0.0715458	19.5704302	16.0462898	0.063926	-0.0202292	-0.1030496	0.0
C	11.9327523	-2.1617824	23.8699006	0.0107525	-0.1644869	0.0871604	0.0
C	19.1338661	1.9332457	5.1877734	-0.3034325	0.1000876	-0.1101715	0.0
C	18.1041189	10.3367124	13.9552931	-0.2124882	0.0909308	-0.0184286	0.0
C	3.2886245	-11.3449733	27.3520968	-0.1717324	-0.0711501	0.0230679	0.0
C	5.9104443	16.8930521	2.5411979	-0.0045217	0.041882	0.0030214	0.0
C	5.9709492	2.487605	20.893658	-0.0123784	-0.0303638	0.0213685	0.0
C	0.5684018	3.1689333	32.9227248	-0.2359221	0.0998888	0.3039728	0.0
C	28.7587434	14.1472215	6.4738287	-0.0713325	-0.0116183	0.1444097	0.0
C	16.3216452	32.4556134	1.6899949	0.1351545	0.0491336	-0.0672133	0.0
C	5.577468	10.1762315	22.607645	-0.1345588	-0.1998936	-0.1391171	0.0
C	18.0144866	32.4849547	12.2277494	0.3650246	0.1629734	0.0025401	0.0
C	14.2922822	4.5576414	8.2358022	0.0813986	0.1729115	-0.139422	0.0
C	8.4862545	15.8762721	7.0668754	0.0626001	0.0009789	-0.1085955	0.0
C	7.5565654	13.9159373	10.8358879	-0.0615087	0.2186586	-0.2799644	0.0
C	5.8391084	24.5877304	9.8271689	-0.0362664	-0.0027047	0.1154862	0.0
C	9.7993751	11.8718445	13.2950675	-0.0311537	-0.2181712	0.1892636	0.0
C	10.1692091	13.8169946	1.9594325	-0.0999938	0.0072959	-0.0318307	0.0
C	19.907439	2.5730359	-0.2550508	0.0079019	0.0356124	-0.0379808	0.0
C	-2.8617904	23.7416194	23.0741627	-0.157372	-0.013316	0.2016217	0.0
C	2.8656072	24.713023	0.1006972	0.0288491	-0.0803885	0.0063881	0.0
C	-0.2385311	13.0124122	2.7094216	0.0540073	0.0094562	-0.3939059	0.0
C	9.2905852	4.1939923	0.8830802	0.0508514	-0.2296371	0.0499403	0.0
C	-7.1466895	2.4193175	12.6111143	-0.0492948	0.0461428	0.0404509	0.0
C	18.9193473	-5.336004	11.2146044	0.1040472	-0.1613687	-0.1173385	0.0
C	3.1970334	7.6422351	6.5009462	0.0454058	0.0327584	0.2001475	0.0
C	18.3727155	7.1444481	1.2829392	0.0863174	0.0096465	-0.0786273	0.0
C	-7.7882522	14.1550675	-28.9154883	0.0614327	-0.0739372	-0.0625803	0.0
C	-12.6051757	6.2251759	-16.8615579	-0.0595668	-0.1688023	-0.0897326	0.0
C	2.4104914	4.9281358	-12.9009798	0.0692464	0.0062186	0.0315331	0.0
C	-1.4245113	19.9054277	-29.8545033	0.0317751	0.1555128	0.2915152	0.0
C	5.0485477	0.1848761	-17.8763968	-0.199477	0.0602837	0.0227501	0.0
C	9.9002123	6.8357151	-23.5343825	-0.0106644	0.0045781	-0.2096475	0.0
C	11.0686858	12.4220778	-8.9314745	-0.1412432	5.12e-05	-0.003094	0.0
C	26.919161	12.3152133	-6.3287082	-0.0160914	0.1050837	0.0182029	0.0
C	7.2111927	-2.1541788	-22.491908	-0.0070454	0.1571579	0.1538875	0.0
C	24.9066757	19.7623757	-3.9207336	0.0315496	0.0846383	-0.1890119	0.0
C	8.8394883	1.9211319	-20.1281924	-0.0959084	0.1448277	0.0660281	0.0
C	33.3079387	4.1613486	-4.8708463	-0.040289	0.0089824	0.0789433	0.0
C	5.45184	11.9829269	-16.5190729	-0.0785452	0.0149713	-0.0544044	0.0
C	17.1333658	10.9437311	-2.5534195	0.1673599	-0.0434317	-0.1576901	0.0
C	14.0894092	16.7067173	-11.5020999	0.0654707	0.0338527	0.1380826	0.0
C	15.053326	21.2587879	-3.5160619	-0.0233232	0.0208671	0.0884095	0.0
C	6.6278078	16.9402076	-1.0271262	-0.1388188	-0.2453901	0.1185459	0.0
C	5.6635131	29.7170306	-2.0073133	-0.0661734	0.1900867	-0.02033	0.0
C	8.2415807	20.9241516	-7.6655462	0.0582483	0.00062	0.1332741	0.0
C	18.2458147	17.873718	1.8448546	-0.0536423	-0.1469231	-0.0376025	0.0
C	-6.4534111	32.6889307	5.3810443	0.064234	-0.0989996	-0.1021606	0.0
C	8.1238775	7.331767	5.5104717	0.3622089	-0.2809112	-0.0652049	0.0
C	11.0760193	13.6442586	-4.6526315	-0.2694832	-0.0139029	-0.0547866	0.0
C	6.4395832	-1.3777034	-4.026697	-0.1082964	-0.1013785	0.0337299	0.0
C	5.897289	-6.2372216	-4.4837864	-0.2967632	0.1933478	-0.0110602	0.0
C	20.2998413	11.7864772	-0.8403655	-0.1006363	-0.0327405	0.0083262	0.0
C	7.4048771	21.4238155	-13.8410611	0.2708949	0.0160029	0.153554	0.0
C	-11.4458519	12.6614723	-13.6418209	-0.1475687	0.2905757	-0.1202656	0.0
C	4.2437468	5.0140241	-19.7760531	-0.0036737	0.0453874	0.0125254	0.0
C	-3.8150665	2.2297527	-9.6659714	-0.0891788	0.0789505	-0.1089186	0.0
C	3.018625	0.1076793	-6.3719227	0.0669133	-0.0719234	0.106522	0.0
C	22.4137031	6.8399805	1.7619573	0.3832257	0.0529203	0.3346292	0.0
C	2.5210075	-9.2688579	19.4573842	-0.2067332	0.0692203	0.1965191	0.0
C	4.2216279	-36.1014946	21.8481918	-0.0335414	-0.2140503	0.4390035	0.0
C	5.9254506	-7.9018583	16.2104156	0.0313739	0.1461	-0.0833869	0.0
C	-1.8958434	-20.7118644	14.3984274	-0.0153815	-0.182477	-0.0475156	0.0
C	17.4170133	-2.2062047	4.6280293	-0.0251018	0.2985959	-0.0158673	0.0
C	18.7184171	-8.6745615	15.8621497	0.1665202	0.0034113	0.091076	0.0
C	18.6184667	-22.1240826	11.9636335	0.016717	0.0976586	0.012753	0.0
C	25.88085	-17.2511907	-6.6894686	0.02966	0.0131992	0.0087152	0.0
C	11.6174387	-12.3261744	11.3973159	0.1380777	-0.242987	-0.1068472	0.0
C	1.2045942	-11.1322917	12.7073502	-0.0358766	0.1958991	0.3214664	0.0
C	25.9748176	-14.1843955	11.7612596	-0.1098496	-0.1103728	0.1887476	0.0
C	3.0921751	0.5281831	3.3335542	0.1100765	0.0292388	0.0057248	0.0
C	26.2449584	-7.3599928	7.3112369	0.1695827	0.017711	0.0075595	0.0
C	0.8888116	-32.4556645	-4.6183857	0.1272255	-0.082501	-0.0199024	0.0
C	20.0404499	-7.6166715	5.1092371	0.0109969	-0.1560173	-0.1867315	0.0
C	-1.152742	-11.3106436	8.1584211	0.2475073	0.1674764	-0.0684113	0.0
C	7.6059017	1.8881842	27.1632677	0.1283114	-0.0168728	-0.1022868	0.0
C	2.464255	-4.9572029	8.0820263	-0.0474321	-0.0358501	-0.1703823	0.0
C	13.2314988	10.1819143	13.2329751	0.1011442	0.2185302	0.0191028	0.0
C	20.3910529	-22.4498991	-3.7005332	-0.0984402	-0.2460766	-0.0278817	0.0
C	17.9688394	-18.5954043	5.3359711	-0.0923174	-0.0100781	0.1486566	0.0
C	23.4916728	-20.8467391	10.1312817	-0.1445688	-0.1564252	0.0906605	0.0
C	2.8443386	-14.6498613	1.1023051	0.0558505	-0.0796329	-0.0064702	0.0
C	-0.3092436	-14.1053942	22.677073	0.0975999	-0.2299522	0.0192832	0.0
C	5.7099477	-16.9831813	26.3777649	-0.2700388	0.1513324	0.0841604	0.0
C	-9.441106	-26.438959	26.3633819	0.0999154	0.1903696	0.0326099	0.0
C	0.7961876	5.335907	15.5046226	0.211014	0.1087171	-0.0247698	0.0
C	17.2834626	-11.4407213	13.469704	0.0077788	0.0017073	0.1531307	0.0
C	16.9836784	1.8739578	2.6670372	-0.0798612	0.0218528	0.0011564	0.0
C	10.2446605	-0.016811	7.2648977	0.2476951	0.250132	0.0257577	0.0
C	-6.8302153	-15.1140637	-17.5855203	-0.1881188	0.045125	0.1190337	0.0
C	8.8945582	-11.8002117	-15.0029589	0.0463778	0.1852518	-0.1014064	0.0
C	15.2591564	-27.415838	-12.2326818	0.013075	-0.0048504	0.0019014	0.0
C	1.978461	-5.0189366	-7.6439829	0.0103407	0.3131289	-0.0451479	0.0
C	16.7576203	-17.7314321	-7.9753362	0.0128084	0.0260629	0.0110974	0.0
C	14.1494324	-8.0512818	15.1792	0.0688801	0.0749895	0.2506564	0.0
C	6.1026245	-15.5982978	-18.9675819	0.0522079	0.049813	-0.4293875	0.0
C	14.4485122	8.4266518	3.6606515	0.0726815	0.2302031	0.1726996	0.0
C	3.0619772	-20.2651947	-28.1690859	-0.0448279	-0.2416427	0.1140464	0.0
C	1.8049868	-15.447655	-17.9646666	-0.0231121	-0.0195922	0.0973812	0.0
C	9.0727579	-10.0450983	-18.5421589	0.0087604	0.0272921	-0.072484	0.0
C	5.9758521	-24.0267561	-12.4607974	-0.1118532	0.05607	-0.0947115	0.0
C	2.608406	-11.4759267	-13.7863319	-0.0756617	-0.0339213	-0.0567885	0.0
C	29.802119	4.097485	4.326994	0.2419226	0.1242983	0.1457344	0.0
C	7.7999397	-4.3561575	-18.820851	-0.0946752	-0.0577636	0.1124702	0.0
C	6.3162903	0.9994707	3.221816	-0.0505089	0.0077256	-0.081682	0.0
C	11.8927886	-21.4426335	-13.6779339	0.2313795	-0.067773	0.0696932	0.0
C	26.5063271	-13.5988608	-7.0208551	0.0615084	0.0971918	-0.003872	0.0
C	29.4625908	4.7397073	-5.4729486	-0.2958749	0.1744904	-0.1673454	0.0
C	21.1608359	-0.7748994	0.8951479	0.2802898	-0.0834618	-0.1153863	0.0
C	19.1446064	-1.4718895	-5.7018077	0.0267831	-0.1315161	0.0446251	0.0
C	7.8019102	-6.7261991	-11.662239	0.020477	0.0672911	0.0261023	0.0
C	2.7448644	-30.5691083	-7.1135635	0.0375645	-0.0018255	-0.0850664	0.0
C	2.4614244	-0.1686697	-0.1576716	0.1220321	0.1222891	0.2583281	0.0
C	12.9768347	6.0877103	-17.1934386	-0.1842262	0.3547281	0.0117805	0.0
C	21.5297728	1.2687185	-9.54923	0.2305664	0.2753291	0.0170096	0.0
C	0.9044052	-11.5457114	-18.2731923	-0.0290129	0.0057062	-0.1270668	0.0
C	11.832398	-11.1897176	-23.6844561	0.094443	-0.1941659	0.0300831	0.0
C	20.541742	14.0994095	-9.030146	0.034489	0.1617801	0.2340851	0.0
C	-13.329226	13.552496	8.2367514	-0.0354844	-0.0930941	0.0693865	0.0
C	-13.5276559	1.522922	22.1652672	-0.0885391	-0.0971573	0.1155539	0.0
C	-1.4642919	7.3252585	8.0441761	0.0332608	-0.2687601	0.104796	0.0
C	-12.4158523	16.4990881	5.8454338	-0.1393633	0.1186479	-0.1036836	0.0
C	-14.0183053	32.2666742	12.3286072	-0.1556667	-0.0831512	0.1136557	0.0
C	-18.2617231	6.796481	8.098111	0.087422	-0.0471432	-0.1271181	0.0
C	-10.680104	8.6582952	12.4600882	0.0340418	0.00304	-0.0955929	0.0
C	-15.0570235	8.6298048	12.5601793	0.1809187	-0.0665047	0.1543482	0.0
C	-28.6026124	19.0746332	9.6040215	-0.0409189	-0.0445838	0.0884301	0.0
C	-28.5219749	10.1442646	4.0098656	-0.0259424	-0.1472175	0.2720599	0.0
C	-14.7064755	21.1117147	4.8575751	-0.0984614	-0.0002384	-0.0281101	0.0
C	-16.0778581	36.7120915	27.561155	-0.1149581	-0.1246797	0.4048746	0.0
C	-6.8785222	22.2377467	-5.1617289	0.0629338	-0.029653	-0.3514261	0.0
C	-16.3288722	8.5133695	17.1760606	-0.3971479	-0.0188342	0.0993636	0.0
C	1.218509	25.7097843	13.5415436	0.1462886	0.1681436	0.059591	0.0
C	-16.9000474	3.3934537	5.4363968	0.0880017	-0.1060548	-0.2479855	0.0
C	-9.2841528	7.4398404	2.3737671	0.0544539	0.1061583	0.0832497	0.0
C	1.9520129	25.2200058	9.1973416	0.0281566	0.1130656	0.0079663	0.0
C	-12.4797089	8.9658576	18.1462787	-0.1506995	0.036728	0.0864358	0.0
C	-10.4351078	12.1364474	2.3566066	-0.0795919	-0.0851027	0.0039512	0.0
C	-3.6965357	6.1040491	12.2306161	0.023709	-0.0912428	-0.0120772	0.0
C	9.1620949	3.9838442	-3.9568336	0.1508618	-0.042151	-0.1227654	0.0
C	-10.3076817	21.9449822	6.0462367	-0.0147615	0.1394097	0.0516177	0.0
C	-9.5291524	-3.7194563	30.5882682	-0.1230415	0.0316617	0.1631229	0.0
C	5.8242856	-1.130302	6.5527299	0.130908	0.1254485	-0.0300467	0.0
C	-10.8766506	-5.3282462	15.3199857	-0.0011265	0.1097138	-0.0934272	0.0
C	-5.1925905	-2.3592869	19.270264	-0.0196763	0.0101858	-0.0750219	0.0
C	-12.5241724	19.767638	-23.1133924	-0.0469043	0.125401	-0.1866126	0.0
C	6.0963002	13.2985689	-12.9506133	0.1041193	0.0596855	0.2210126	0.0
C	-4.784833	6.9624341	-24.09	0.0641881	0.0167247	-0.0833508	0.0
C	2.6390686	11.201134	-19.0724029	0.1966042	-0.1686637	0.131088	0.0
C	-6.3676215	15.3744846	-21.3961708	0.1688219	0.1830119	-0.3182772	0.0
C	-2.1344852	6.0706449	-4.1568707	-0.1275874	0.0297695	-0.1777367	0.0
C	-32.5163301	19.6765691	-6.4022505	-0.0635121	0.1051315	0.0440587	0.0
C	-11.2582768	13.8408058	-6.4097308	0.1047703	0.0421233	-0.0035093	0.0
C	-14.8308668	16.2997624	-0.6143339	-0.0844784	0.1258225	-0.144774	0.0
C	-13.7065479	7.5646036	3.0683539	-0.0076852	-0.0837464	0.1963533	0.0
C	-11.3672114	27.0010777	-15.7732039	-0.1695378	0.0810022	-0.1684502	0.0
C	-28.5192485	8.4351003	-21.8696222	-0.4613991	0.0689332	-0.0788899	0.0
C	-13.5574134	1.1555064	-2.5526288	-0.0634308	0.0764155	-0.0310945	0.0
C	-22.834608	14.2243544	2.2763054	-0.0866029	-0.0929205	0.0758373	0.0
C	-27.3593496	11.6422344	-14.5325199	0.100705	0.0637566	-0.246972	0.0
C	-3.9718948	20.0789547	-12.8312561	0.1320552	-0.1119868	-0.0798769	0.0
C	-5.9774245	18.554893	2.9168371	-0.1691254	0.1833988	0.1747238	0.0
C	-18.6766236	27.6091835	3.4026814	0.0684306	0.2485264	-0.1076273	0.0
C	-1.4484381	30.0331429	1.9899981	-0.1201377	0.1037619	0.087812	0.0
C	-17.3502771	3.9224197	-0.95723	0.0079356	-0.0906205	0.1779576	0.0
C	7.2665668	15.5647173	-4.4339858	0.2253716	-0.1267016	0.0486184	0.0
C	-2.7941511	7.2916638	-0.5279311	0.0228053	0.0343001	0.0252227	0.0
C	-8.1961237	25.9089432	-16.3903119	0.1115861	0.121188	-0.1083879	0.0
C	-3.3201681	9.8354692	-3.2169797	0.1393656	-0.0267512	0.1608202	0.0
C	-26.1305183	-10.5173577	-5.4707998	0.0827593	0.1567642	-0.0833513	0.0
C	-6.6543165	0.0583218	-8.0402956	-0.0696471	-0.0257335	0.1662914	0.0
C	-12.66265	3.0192316	-8.3436243	0.0273724	-0.0969985	0.095749	0.0
C	-8.3619828	8.74386	-3.4238513	0.0987449	0.108859	0.2315029	0.0
C	-27.5384313	12.4846968	-4.699303	0.0326129	0.015183	0.2085969	0.0
C	-1.349112	-4.8912459	-19.983379	-0.0241851	0.1153819	0.0298597	0.0
C	-8.4755029	14.6640335	-1.6760094	-0.0683021	0.106825	-0.1131888	0.0
C	-17.4151581	-7.4221195	14.8533898	-0.1073559	-0.0233207	-0.0988767	0.0
C	-12.3419078	-5.8769062	18.4382383	-0.0046037	0.0038022	-0.032912	0.0
C	-18.9364995	6.7394829	20.1330601	0.1191114	-0.0826019	0.2970606	0.0
C	-6.4947423	-14.96097	-1.0135678	0.0573085	-0.0534757	-0.0598072	0.0
C	-16.6795204	-10.8010391	5.5595381	0.0098692	-0.0238582	0.1083509	0.0
C	-10.2290702	-17.7988912	4.9265042	-0.0677138	-0.118936	-0.2174401	0.0
C	-7.5243715	-21.9405574	21.4626112	0.1756065	0.2182668	0.0667774	0.0
C	0.6177268	-17.5196795	-0.3455156	-0.0775535	0.1953993	-0.0776688	0.0
C	-18.7606798	-1.3161499	20.0008683	0.1580491	0.2159103	0.2245448	0.0
C	-12.4257109	4.3562023	6.4987493	-0.1012199	0.1238381	-0.1033121	0.0
C	-12.8616255	-14.6413678	7.9049586	0.0877284	0.0741236	-0.0109205	0.0
C	-13.7452099	-5.1719809	11.2364656	-0.1165503	-0.1895942	-0.1215255	0.0
C	-8.5709385	-16.3377268	25.285555	0.1082966	0.0891202	0.1157203	0.0
C	-33.2408602	-7.5526484	2.8492336	-0.0963345	-0.0930268	0.3631416	0.0
C	-4.0827183	-7.3512879	3.2018515	-0.0394616	-0.1986939	0.099858	0.0
C	-10.9207091	-8.4886728	21.6154594	-0.1429803	-0.0783666	0.053736	0.0
C	-8.8619367	-12.881289	0.6872034	0.3409041	-0.1449525	-0.1049143	0.0
C	-0.3604858	-13.2615039	-1.2153966	0.1982245	-0.0244492	-0.0205883	0.0
C	-12.5991953	-14.5821801	11.4628445	0.2398928	0.1117063	-0.0923338	0.0
C	-7.6842596	-4.5908888	20.3194295	-0.0464928	0.1559344	-0.1209383	0.0
C	-12.1518193	-2.26534	13.5501129	-0.052155	-0.0047416	0.0623722	0.0
C	-21.5087822	-21.9323891	-2.4249533	-0.3271568	-0.1729003	-0.0167869	0.0
C	-24.7906326	-17.7831334	4.6555891	-0.010593	0.0414046	0.0803472	0.0
C	-11.2573233	4.5679211	0.5623405	0.0902468	-0.0296744	-0.0043081	0.0
C	1.6603737	-10.4969882	-2.2822455	-0.2025022	-0.1123149	0.0225663	0.0
C	-5.8375648	-24.2510881	7.9029195	0.023184	-0.0287897	-0.0264821	0.0
C	-12.0637525	-10.8578994	15.241182	0.0765125	0.1055118	0.1206115	0.0
C	-15.7235487	-35.4419802	-7.3397837	0.1925484	-0.0905158	-0.1609976	0.0
C	-1.1083174	-2.9293718	20.9459088	-0.0394334	-0.069061	0.0269655	0.0
C	-0.7408672	-4.3608648	11.9663125	0.0645918	-0.0310542	-0.1719039	0.0
C	-2.2897571	-7.5539377	-12.5023598	0.1400547	0.1902841	-0.0212493	0.0
C	-16.8167564	4.8542589	-18.5313228	-0.0096652	0.0168042	0.044115	0.0
C	2.5338493	-7.9552782	-10.544885	0.1707009	-0.1111999	-0.0422641	0.0
C	-9.4958159	0.6112612	-18.0878281	0.0050163	0.037358	-0.0576334	0.0
C	-19.6360909	-13.4837848	-2.4822114	-0.2897416	0.041216	0.2235021	0.0
C	-10.12255	-26.8091069	-14.560775	-0.1230094	-0.0480221	-0.0690959	0.0
C	-5.669088	-8.8788602	-16.0737106	0.1415556	-0.1489145	-0.0392584	0.0
C	4.4051205	-11.2447048	-4.8500851	0.0024783	0.0053	0.0335241	0.0
C	-0.9553438	-11.9968374	-8.1919927	0.0672398	0.070351	0.0516952	0.0
C	-15.9976192	-0.8451466	6.1648841	0.039915	-0.1436674	0.0730496	0.0
C	-0.704987	2.2546185	-22.976505	-0.0489742	0.0440527	0.1915312	0.0
C	-22.731157	-10.8272177	-1.9076081	0.0081757	0.0899257	-0.097811	0.0
C	-28.3558216	-6.6168134	-0.0143385	-0.0514349	-0.0543627	-0.0986969	0.0
C	-8.5992387	-17.1900171	-13.8323689	0.0229256	-0.1042139	-0.1590146	0.0
C	-28.8600108	11.5986471	-21.0044561	-0.1365507	0.1552685	-0.1311576	0.0
C	-8.8060373	-11.9279896	-19.4114249	0.1693535	-0.0914277	-0.1589523	0.0
C	-8.8479122	-16.486568	-3.3676833	0.3628546	-0.1839531	-0.0711813	0.0
C	-15.7507787	-4.4516372	-33.3557038	-0.104076	0.0643341	-0.1403661	0.0
C	-0.2823871	-7.473483	-5.2340549	0.2810434	-0.2683665	0.1227641	0.0
C	-17.847375	4.1449154	12.6611658	-0.0029961	0.226656	0.0744731	0.0
C	-6.2979928	-3.5985964	3.9746146	-0.0316559	0.062824	0.2096014	0.0
C	-16.6387998	-15.663603	2.1552359	-0.1659297	-0.0101993	-0.0475174	0.0
C	-6.5837477	-28.8395988	-8.5076143	0.1420884	-0.1195714	0.1502714	0.0
C	-10.8791011	-0.2381251	-6.3313122	0.2072949	-0.3091031	0.1910129	0.0
C	-2.9109727	-13.2813629	-3.8591164	-0.0223368	0.0453096	0.0965933	0.0
C	-4.5759867	-1.4609661	-17.1922811	0.0447844	-0.0009365	-0.2765876	0.0
C	-5.9307945	-7.0172212	-27.8311734	-0.1136475	-0.0795917	-0.2718069	0.0
C	-26.4430238	2.9336388	-19.4754317	-0.3091384	-0.111334	0.0071215	0.0
C	-19.7529324	2.5512368	1.1859052	0.0486872	0.0441364	0.2607733	0.0
C	-5.4940563	-11.6482528	-6.4452156	0.1937513	0.0289229	-0.0206801	0.0
0
20000
0.001
100.0
0
2.0
10

#Format:
NATOM
TYPE	POS(x)	POS(y)	POS(z)	VEL(x)	VEL(y)	VEL(z)	CHARGE
BOX?	BOX(x)	BOX(y)	BOX(z)	BOX(alpha)	BOX(beta)	BOX(gamma)
NSTLIM
dt
temp0
tempi
tautp
cut
