                                                                                
  422  0.8000000E+01
   0.9430514  -0.5681273  -6.6833851 -10.3367352  -1.0137931  -2.1569394
  19.2209950  -1.3134136  -2.1576575  28.3260541  41.5199465  17.5682488
  10.7356145   7.5765861  18.9005168  14.6554692   0.7505144   5.7155312
 -15.5138453   1.4021832  29.6495165  23.6299986   9.8453975  26.1019110
   6.4063335  10.5632404   7.6409954  -0.7785422 -29.7890752  27.0390271
  -7.8624295   4.2947983  16.9857622   6.9580029  -1.8292525  23.7555059
  17.7648399  27.2391997 -17.8979197  34.8676741  -4.4568605   7.5775748
  31.9375377  32.7000830  37.1702546   3.3205595  22.3937866  18.5736131
  -2.9910284  37.7064593  32.6843270  13.2314158  10.9449135   5.0241795
  18.4561778 -24.3409801  -6.0457869   7.5785993  16.4744051  22.6192080
  14.1961550  16.4167768  19.8443911  42.8863898   0.9917415  23.7015360
  45.7146736  14.4081881  37.2392494 -16.4415501  20.7100202   2.7895979
  37.9184225  25.7352775  39.5989897  21.1646746  24.5255873  37.2208896
  18.5246191   3.4100183  38.6118363  21.6744895   9.3438495  33.0766750
  54.0390600  16.9016597  15.1101910   9.7845238  11.4183991  -7.3965771
   6.6097049  21.8786829  17.7125005   7.8739169  -2.6801031   4.8310711
 -13.7701105  39.1423522   1.4820139   7.8752241  43.7957290   5.2395396
  32.0089810   5.5299540  -4.4319366  20.7890721   5.7387438  10.2670627
  -1.7921511   9.7103788  -2.0959316  15.9052330  25.8576627  20.7374977
  17.2566324  -0.6213919   2.9659666   7.4328196  14.2304986  -6.6425192
 -43.1775557  41.5296626   0.5595355  22.8430613  11.0162004  -4.1621553
  11.4275067  22.9814225  18.8487833  12.0863919  33.0833732 -10.5830599
   0.2762936  12.7583052  -5.6470845   4.8693892   1.3607397  -2.4647655
   5.8713182   6.1903302   2.5364526  11.8718058  25.4068739  25.8729566
  -0.0471639  25.7429810  13.5598568  21.8643094   4.1115196   1.3450690
  21.1611149 -16.2088462  24.4543644  23.1131103   0.4599940   4.8388405
  12.1112167  13.8011476  12.9298474  13.6319432  -9.2354377  21.4045590
  -1.8725505   6.2953315  -8.3316673   8.2165443  18.2034751  18.4169817
  32.7640805  22.6350406 -18.2652376  23.8072329  21.2086680 -14.9671962
  -1.6802839  37.1100007 -14.7134994  18.1633803  22.8839046 -26.6878787
   4.1639904   0.6997807 -12.8357785  11.1309723  14.2827963 -15.7401508
   1.6500387  18.0766021 -42.4104984  -4.0789874   5.7538766 -12.1086572
  -3.8472683   9.4539415 -10.6196797  21.8570299   5.7984828  -7.0877555
  -2.3425067   9.7562689 -30.1136539   5.8854078  27.7965572 -43.1308811
   4.5131423  33.2104675 -30.6496570   7.2985581  28.7445831 -22.4971404
   6.2491620  19.0822801 -14.8973173  15.0278515 -16.4423751 -20.6817202
  33.2306672  26.4319365 -15.5572567  55.2639099  18.1709930 -12.9122326
   9.2458638  -0.9237802 -14.4348687  13.5640046  25.8896473 -19.0205836
  27.9494542 -10.3986971 -31.3669428  27.6196493   4.5795736  11.1183251
   9.0778074  10.7661142 -26.3553197  -2.7455373  41.4073638 -24.7883397
  -5.5147017  17.5110908 -43.1278335  -4.6042458  21.1698448 -39.9563204
  31.4772964  10.1614831 -14.6229598  49.5444042   2.4797858 -30.2664531
  11.1156829  19.4761713  -2.7560215  28.9438910  42.7286551   8.0162507
   7.4413046  22.6806174  -5.2156486  -2.3532832  15.5038159 -16.7723419
   3.8734325  30.6566475   4.6704596   6.9750163   2.7047286   5.1686691
  23.1643792  14.9989496 -22.2720937 -13.2975939   5.4317601  -9.6670113
   8.7606832  27.1320741  -5.4700967   6.0247427  42.1242721   9.2988060
 -19.5779042   8.7420023  -3.8108000   0.6272561  16.8807468   4.5357077
  35.1087806  16.7572640 -28.7092337  19.4126082   3.0718043 -10.2558819
 -16.5079878  40.2826491  -4.7962513  31.1551259  34.0974460  12.0200300
  -6.5775068  -0.6358884 -19.4029489  -8.9389548  -6.4842770 -41.5011405
   5.7434307  12.1369990 -14.8933560  -1.5128020  10.1018111  -8.2242558
  -2.8374085   2.1273089  -5.3841834  13.8963307   8.3382572  -4.3986859
  19.2542671   7.0947744 -11.8866698  39.5340765 -20.7134442  -4.5916085
  43.4692413  13.5354301  -9.2606721  14.4134302  -5.0455055 -24.7771277
  14.0580198 -15.1478689   9.8024428  15.5365563 -25.7615770  17.6917540
   1.5214362 -32.7640879  11.9199720   8.9457254 -19.3304182  25.5959281
  12.3208743  -4.3092695  20.4603720  16.8964004  -4.8707247   7.4178941
  23.7770095  14.6726975  29.4765617  46.6540529  40.4899693   0.3190312
  36.6337925  -8.7830135  17.5343384  16.6043073 -15.3132933  -6.4518885
  16.4811999  -7.9895657  25.7064911  -0.1099024 -26.1378230  30.9313136
  22.4669600 -11.2604493  50.7950003  33.5242176  14.8912370   2.2997894
  14.5265979 -24.1369214   3.0683484   4.8777308   3.7040897  15.5945837
  -0.1123465  -3.7923622   8.9593740  -6.3325826   8.9827785  -4.2698468
  20.1321779 -36.2904443  31.8658395  -8.2709547 -39.1395225  -5.8052788
  22.4992535 -37.1344169   1.0839223   7.8117842 -16.1807045  13.8364219
  13.1952225 -12.8010357  -7.9458320  17.8805989 -22.8124015  11.6452634
  25.4505943  -7.6504084   4.1520629  11.6632799 -48.9522746   6.7774456
  25.2133993 -15.7537201   6.1668561  39.9641610  10.3550185  25.7239392
  17.2867485   4.6980131   2.7896987 -31.2778331 -15.5339386  -0.4696832
  18.1021076 -15.4304066   5.5714600  39.7447321  12.2363899   3.5388444
  18.7092330  -0.1121030  17.2631142  -8.4122031 -29.5182878  20.6311628
  -5.0675253 -13.1347605  24.0676383   9.1153460  -5.1324008  21.3759507
  20.5634306  -2.9560892  -6.8400712  14.3339192  -7.1174774   4.2946764
  22.3146600 -11.2201495  36.5366343  -8.3742612 -38.3982813  10.9209409
  15.8920376 -32.6669200  31.1376906  25.9440805   6.2258443   3.5122536
  19.0118230 -16.9720262 -14.1878466  -4.3463965   1.5540167  19.2407969
  31.7573121 -16.6272329  15.5940619  14.5464488 -25.3302993  13.8451895
  15.2572767   8.9699756  27.9995025   9.1997549  -9.2771110  23.0281906
 -13.7153742  -4.1965737  25.7233282   2.9726499  -4.4437854   7.7630944
  -7.0833800  -6.5240865  -4.9228619  26.3155484  -2.9211104  28.7754764
  13.5535250 -40.9703454 -19.6077199   5.1662453 -19.4678956 -19.2144658
  21.4414788 -12.1878993 -14.7656356   1.0127067 -17.7627743 -13.5145144
   9.5551869 -29.2727034  -6.8771454  26.1174441  -7.4253301 -29.7353516
   0.5562370 -19.8345697 -17.3704334  29.3149414 -12.1902946 -21.4419877
  10.9078386  15.7223257  -4.6198601  15.4125329 -16.9271716 -29.0968285
  10.1936545 -16.8696901 -20.9997407  21.4127432 -32.2490342 -19.3870411
  17.3466873 -37.7901789  -4.2738612  17.1804201  -8.7247234 -18.5380334
  11.9622930 -22.2617581 -16.0848941  21.8352512 -19.2388064  -1.7822866
   6.3584595 -19.3927427 -11.9212802  17.0015797 -35.1632995 -16.9033386
  -4.0383617  -5.8461980 -54.5838767  25.8942267 -10.9069007  -6.4602354
   2.6885756 -20.5069669 -11.4135988  14.9697065 -29.9623685   6.7970327
  14.9761630  -2.2697350  -3.8234039  12.9952572   6.4580941 -27.7154864
  11.4735745 -36.8510584  -6.5671158   2.9171716 -14.3468275  -4.8302842
  33.6196884   8.6675781  15.1455644   7.3514146 -12.3028574 -13.7534648
  18.6533841  -7.0355705 -12.3498822  20.4632248 -18.4373428   9.3043753
  10.7710815  -5.2901341 -25.3562069  -3.5747710 -11.7109600 -35.9834391
  26.2879099  11.9388736  28.0159407  10.9845927 -23.0821847   2.1855780
  -0.0910490 -29.9193704   8.8963207  12.8047341 -17.7551150   1.5792675
  15.8198573 -37.4786875 -33.3462040  18.7399455 -15.5454122  -0.9058418
  16.7237146   8.1095089  -8.6800895  24.1820089   5.7224596  12.1511576
  14.3979226 -18.9590223 -42.3395248  -7.1937899  -1.9705232 -23.4346552
  24.9219585 -62.5309163 -32.8012537  -1.6777227 -16.5694961 -17.4980260
  26.3023766  24.2292132 -28.7818948  10.8638812 -21.4957608 -11.1857553
  12.5602668   9.6615557 -26.4674381  16.1111293   4.0168957 -10.6144555
  13.9714779   5.9396754 -32.9706161   7.2109751 -13.5229489 -35.6852136
  31.5068863   9.8093498  -1.9482142 -32.2782103  21.9819163  28.0912483
   1.0049458  24.5349125   8.4032245 -24.5681872  22.0555071  10.3516879
  15.2242164  12.9235516  45.1830421 -18.7960837   1.4552058  14.3205833
  -0.0511178  23.7929590  23.7112707  11.0202128   9.0034247  37.5428083
 -17.1433078  -2.9188155  31.6813594 -22.4453031  33.1264079  23.0419482
 -23.9809166  33.2742490  27.1768104   9.1163176  30.7327105  -2.5870307
 -27.4510388  15.5709043   1.4653122  -3.5231312  13.7427714  -6.7827173
 -33.5321601   0.8025125  14.6933284   2.0128801   7.5962182  34.4604405
 -15.1704274   4.1352450  13.6035998 -43.1717791  -4.8615357  -5.9608602
   1.8670580   6.7500992  26.9875569 -31.0118550   5.6635880  51.0510503
 -26.5043145   3.5344025   6.9074697 -22.9400734   9.8610336  41.1285223
 -44.8273008   9.3469539 -14.1271223  28.0292239  20.5858076  31.2577985
 -15.4046670   2.4787254   6.7852919 -18.2345366  29.2604825  11.0348379
  -5.5264806   4.3546461  12.8213362   4.5923142  25.0627743 -25.6042233
  -4.4358566   5.9269512  -1.2346215 -30.2168986  12.8455169   7.2850544
  -4.8292972  -4.3188116   7.3184112  -0.4516481  35.3063757 -10.3967744
 -33.5309669  34.5019846   4.5085775   5.8518413  35.0217137   2.4075353
 -15.9965077  -0.8782909  18.8722160 -30.9978418  -1.5170814  12.4473317
 -21.7173598  34.5475763   4.7515463  13.4221237  -2.3417147   4.3970360
 -20.2422869  11.4621112  -0.8728725   8.0499265  16.5221197   5.1780985
   1.6196468  18.6089185  10.9784921   7.3706368  15.2011517  27.0606392
   0.7862539   1.7026455  15.0120966  -1.1865574   9.0101996  26.6659173
   4.1082639  15.2419929   3.7448482  -3.6059757  -2.5094670  16.2653061
 -24.0971827   4.2189136  21.9023306  -1.6369223   6.8115654  18.0850749
 -13.9511030  -7.2381024  22.9640389 -18.8712207   4.3541861  22.6535141
 -14.8547770   3.0183814 -19.5031748 -23.1974566  -3.1781487 -22.2102231
  -7.3215554  22.8160112 -15.1140748 -27.2146642  19.6711917 -11.1682724
  -4.2646982  18.2606929  -0.8814923   3.9412228  22.3037761 -33.0667858
 -13.3772187   9.4055476 -25.0654133  -9.0932360   7.3887108 -30.2614662
  11.3199167   8.2512133   0.3212376  -8.0260837  31.8622923 -18.5576717
 -19.1169959   2.7461822 -24.9087067 -28.1981575   8.9516500   3.8898703
  -0.1808002  14.2873291 -12.7246877 -12.6417147  22.6847642  23.3522445
   5.5688734  19.5255574 -21.9195447 -29.9293265  -4.8166313  -2.1472434
 -12.4030817   8.8276129 -14.9522862 -17.8472566  11.4166734  -7.8531708
 -10.9122626  30.5212886 -21.1449935   2.5014869   2.0679023 -35.0250856
 -16.2871003  26.8009234 -20.6288706 -26.9536105   7.0226010 -24.9087390
 -37.8013783  30.4665603   0.6497489   0.1193375  31.9921870   5.0154650
 -13.2613531  32.4825314 -13.8210606   6.7772786  43.8233992 -18.7307849
 -10.1044870  21.7655669 -19.3581217 -27.2708669   7.9028342  -9.3297941
  -2.2172759  -3.1774049   1.9844966  -1.3165298  25.8447006  -2.3379845
 -15.8605350  13.9111692   6.2868013   5.2482985  37.9270509  22.4600952
 -24.1686914  35.2748096  11.0482158 -20.1565509   5.8251850 -19.7031946
  -6.3988544  23.5003779   0.0314207  -6.4169047  18.2826531  -7.4695123
  -7.0105912  24.6021157  -4.2087757 -12.9115978  15.6989652  -9.7261950
 -14.9719194   8.3059204  -2.8273626  -2.7815964  17.6520971  -6.4181751
  -6.3024746   0.3142269   0.6229092   2.0912832  15.6834153 -23.8013440
 -24.3585373  20.1650929  -0.9496263  10.7031031  -0.2424924 -26.8877532
   3.6421767   9.9620050   3.5613559  -8.7063957   3.0072986   3.3022646
 -17.4120103  -6.3263053  -6.6492410 -17.0871727  -8.7675371 -17.9656201
  10.3499249   5.0406121   3.1947647  -8.4166812   2.3179242  -6.8551606
  -9.2065386  15.1580830 -40.8894514   2.6589679  -0.8239222 -37.0748438
 -10.0968707  17.0905744 -46.5808874 -30.2869730  -4.5764645   9.0689757
   6.4031120 -25.5418005  -9.6806351   0.2964577 -41.1797197  10.1093710
 -15.2324332 -21.0925497  26.0161837   1.7837486 -18.1772310  20.3111493
 -13.5506989 -38.8583458  32.4942809 -17.0956505  -0.7392996  38.7652375
  -9.9916696 -46.1802708  -7.7104657 -11.9045791 -21.3532319  22.9180595
 -16.2430618  20.7905512  26.6145391  -0.9347418  -5.6276599  -1.8154386
 -10.0999466 -33.4069410   3.5313146 -15.5987474 -33.4369366  18.2124241
 -11.4055757 -15.3218831  40.6777689 -43.3825779 -16.4161265  27.6626144
  -6.4646779 -15.5647659  -0.6438935  -7.7494895 -16.8262672  21.9461109
   1.1640715 -21.8013624  22.1208034   7.3277237 -10.6835182   6.0341165
  -7.5873129  -5.2273569   0.8673147 -10.1351153 -48.1829935  18.1784029
   5.1736730 -13.4163893  24.8625551 -26.4764047 -54.5173372  19.1341973
   4.2286495  -5.4164832  24.1569074  -6.7442209 -10.0908524  -3.0000909
   8.7947527 -28.1565637  13.6242897 -23.2283870 -20.5380717   5.2316724
 -12.4963764 -27.8931108  21.3615820 -29.5300799 -36.1841959  13.8246941
 -15.0696356 -28.2388592   7.1730443  -6.5437488   1.5471576  21.8482539
  -3.8258209  -5.5394386  -8.5982468  10.5206284 -15.5092614 -12.6903389
 -44.0611077   1.6144440  -0.0850136 -17.8130201  -0.0941668 -10.2495688
 -12.6692396 -20.4190945   0.5980523  -1.7727210 -22.4498808  26.4159407
  -0.1842729   4.5250866  22.0921629 -11.5195929   5.6561642 -22.5749698
 -41.6694685 -15.8505833  -7.6987083 -24.7435906   3.6520329  -3.4755545
 -37.7768693 -14.9019958   8.3205903 -17.1105014 -25.6685758  18.1766420
 -34.4217628  -4.7596007  11.9120457   1.6316292  -3.6827932  22.5595223
   9.2280414 -15.8205801  -4.1934934 -27.9716856 -12.5312636 -20.4374682
  -2.0803049 -27.0994357   7.9278351  -4.8114466 -37.9755225   8.5739952
 -29.7917691  12.8158310  12.2003273   1.5454317 -16.6707570  27.4726717
 -28.2690706 -23.0671919  21.6144345  -0.9550587 -11.3803514  20.9454625
   4.0287165  -1.7234437  14.6462114   2.6326321 -25.5355296   9.9587978
  -4.9778179 -49.5259980 -35.4240003  15.2558514  -3.1086363 -20.4703458
   3.7579319  -6.6365002 -20.4880027 -36.8411296  18.6379856 -15.6787128
 -16.8715075 -17.6403530 -20.3388847  14.9858884 -26.4617211   8.7724373
 -20.1748604 -10.5640078 -35.0490504  -5.5892678 -34.5996822   2.8459265
   0.9330633 -24.9680801   5.3849750  -9.6338888 -32.0230849 -18.0329720
 -10.8974704 -34.9448941 -38.4424566  17.1438290   1.9622713 -13.3996352
 -42.8359632  12.4662455 -15.5852896   2.7807773 -17.0438705  -1.6390206
  -2.8320194  -9.8456618 -15.3455330 -16.9922161 -14.0264780  27.2053674
  -2.1517366 -46.1856848 -33.1941267  -5.3518939 -17.9516389 -18.2405394
 -20.6040736 -32.7739123  -8.0812960  -8.2422860   3.6870996 -30.0744298
 -10.1698910 -12.8845609  11.0629884   2.6079592 -13.8580152  16.4495580
  10.0826444   7.8755569 -13.9614022 -10.1863267  -9.8652390 -23.2925587
 -15.3021803 -13.1098983   5.1907622  -4.8818027  -7.2584083 -13.1582796
   2.8509228 -19.0894317  -4.6448046 -48.2497256  -1.8862221 -33.9950691
   2.3791389 -24.6745646  -8.9886058 -17.3660761  -6.1806130 -30.3564202
  -5.2253679 -17.4181754   6.8989629   5.1196748   5.7924622  -1.7955127
 -30.3780214 -21.2309340  -0.8882906   0.8347002 -16.8191807  12.2548911
 -28.0352109 -13.4961231 -11.7953246  -2.9536494 -22.1088774 -13.9893536
  -8.6892897 -16.9323968  -7.0239305 -18.9843613 -54.4214359  -7.5609659
 -11.9750442 -33.2377049  20.2627159 -28.5387713   0.5793040  -6.5272109
  -7.9118293 -18.7678938   9.0926599  -4.8552294 -10.0824053   3.8361126
 -10.8895466 -37.2894179 -30.3562576  -2.4187125 -21.8518272 -23.1075596
   3.8094104 -20.6332679   8.7754349 -21.2969857 -32.5507238 -20.8967381
  -1.7630659 -43.4191498 -19.2757407   1.9676709 -11.3943251 -17.5827559
 -12.3816665 -11.4561247 -35.2176295 -42.0966168   3.1824588 -19.5568638
 -21.3014264  -2.7842531 -28.2638463 -24.4336927 -10.1000103 -10.3094380
  -0.1491232   0.0036938  -0.2091781  -0.0156044  -0.1380197   0.1029365
  -0.0559287   0.0689021   0.0576054   0.2100691   0.2347472   0.0713353
  -0.0430132  -0.0861400   0.0853563   0.0967481  -0.1122462   0.0423764
  -0.0568595  -0.0340791   0.0566058   0.1353910  -0.0100058   0.1452201
  -0.0852744   0.0335070  -0.1393600  -0.1682059  -0.1622191   0.0292275
  -0.2128623  -0.0770069   0.1429330  -0.0468619   0.1335063   0.0506734
   0.1656803  -0.0201750  -0.0176440  -0.1113523  -0.1660809  -0.0533227
   0.3147139  -0.0438230   0.3693069   0.0135099  -0.0087334   0.0088684
   0.0619514   0.0047755   0.0579174   0.0225425   0.1079676   0.0718873
   0.0696120  -0.1715601  -0.0671174  -0.0338245   0.1272389   0.0463147
   0.1181780   0.0894601   0.0082431   0.1597112  -0.0673948   0.1256733
   0.2994502   0.1309928   0.0566326  -0.0440223   0.0061462  -0.0151145
   0.1464345   0.1368238   0.1391999   0.2011102   0.2001143   0.2447641
   0.1336346  -0.0339340   0.1460568  -0.0674777   0.0462266  -0.0323278
   0.1145817   0.1872470   0.2488755   0.1353982  -0.0521138  -0.0107445
  -0.0167993   0.1356906   0.1709457   0.0542725  -0.1035502   0.1135064
  -0.0585437   0.2768013  -0.0181290  -0.0319696   0.1305379   0.1302352
   0.0877965  -0.1148683  -0.0204213   0.2849860   0.1354254   0.1420797
   0.0597027  -0.0900372  -0.0770212  -0.0282180   0.0909525   0.1007354
   0.1852913  -0.0202978  -0.2215991   0.0481804   0.0592318  -0.1701495
  -0.0786515   0.2367554  -0.0410359   0.2271686   0.0043860   0.0707557
   0.0377543  -0.2078457   0.0958433   0.0093830   0.1367219   0.0045332
  -0.0948563  -0.0091447   0.0491561  -0.1024530   0.0898915   0.0835481
   0.0385468   0.1314329   0.0690932   0.0638900   0.0698550   0.0669027
   0.0208760  -0.0989975   0.1652692   0.0251214  -0.0717850  -0.0470496
   0.0952954  -0.1108925   0.0050077   0.1430549   0.1121985  -0.0876556
  -0.0192974   0.0173586   0.0051790   0.1177133  -0.0142358   0.0267392
  -0.1416611  -0.1779883  -0.1713350  -0.0517407   0.0908940   0.1592145
   0.0389345   0.2485983  -0.0934782   0.1274082   0.0075530  -0.0418922
   0.0180351   0.1597232  -0.0990496   0.1826608   0.0495753  -0.0542746
  -0.0905636   0.0636355  -0.0306380   0.0413382  -0.0756330  -0.1305015
  -0.0278019   0.1272619  -0.2699649  -0.0762845   0.0313086  -0.0373654
   0.1433840  -0.0973085  -0.1722098   0.2808354   0.3176850   0.0240681
  -0.1350063   0.0152162  -0.0359499  -0.0290232   0.0578242  -0.0918038
  -0.0211443   0.1181498  -0.1605196   0.0969730   0.0396875  -0.0840118
  -0.1982042   0.1127616  -0.0407619   0.0659669  -0.0469827   0.0110424
   0.1547195   0.1146639  -0.1382872  -0.1203990  -0.1475096   0.0462436
   0.0137440  -0.1851078   0.0393280  -0.0313512   0.0227477  -0.1400478
   0.3947329  -0.0826302  -0.0470810  -0.0581886   0.0874879   0.0851183
  -0.0334764   0.0586987  -0.0976252  -0.1799563   0.1367683   0.0113075
  -0.1286357   0.1438264  -0.1092341  -0.0763607  -0.0757827  -0.3628641
  -0.1522055   0.0371039  -0.1067299   0.3822174  -0.0633642  -0.0833718
   0.0736468  -0.1062464  -0.1717026   0.0537168   0.0944727   0.0386119
   0.1670452  -0.0651175   0.2099360  -0.0851804  -0.0140210  -0.0784498
  -0.1727933   0.0128590   0.1308931   0.1552800   0.0147036   0.0971987
  -0.0360172   0.0734593  -0.1348317  -0.1295397  -0.0154032  -0.1253714
   0.0736068   0.0224919  -0.0511798  -0.0803108   0.1993666   0.0912433
  -0.2315017  -0.0321776  -0.0747227   0.0103366  -0.0386154   0.1091546
   0.2310176   0.0994039  -0.1832411   0.0397760   0.1421745   0.0526107
  -0.2409935   0.0973201  -0.1657323  -0.0540238   0.2352469   0.2182425
  -0.1838181  -0.1776875  -0.1020762   0.0124216  -0.1792873   0.0344507
   0.0508280  -0.1309152  -0.1229539   0.0971511  -0.0706118   0.0034348
   0.1427351   0.0216816   0.1194292  -0.0248959   0.0250604   0.0098850
   0.0840711  -0.0004774   0.1168684   0.0984944  -0.2175406   0.0071879
   0.2523099   0.1120363   0.0107695  -0.0632224  -0.0492735  -0.0393321
  -0.0168086  -0.1983335   0.0812650  -0.0589285  -0.1104940  -0.0008193
  -0.0399280  -0.1265127  -0.1890480   0.0176263  -0.2362945   0.1179641
   0.0909937  -0.0340847   0.0920222   0.1713041   0.0229344  -0.1125262
  -0.0616271   0.1769567   0.1745547   0.2100541   0.3005459  -0.1059416
   0.1144421  -0.0965120   0.1199880   0.1774609  -0.1006723   0.1046516
   0.0269659   0.1876363   0.1834651   0.0047971   0.0436037   0.0038445
   0.0774980   0.0276896   0.2504350   0.2143259   0.2186562  -0.0364578
   0.0592784  -0.1301894  -0.0276911   0.1253934  -0.0243349  -0.1288714
   0.1360047  -0.0707648  -0.1208840  -0.1377742   0.1964778   0.0407067
   0.0121900  -0.1260370   0.0991837  -0.1549500   0.0514985  -0.0602427
  -0.1987861  -0.3492186  -0.0218702  -0.0403272   0.0159481   0.0942578
  -0.1673837  -0.2003443  -0.0505860  -0.0142225  -0.0575435   0.0620019
   0.1542600  -0.1398776   0.0643924   0.0993605  -0.1072840   0.1568112
   0.0291120   0.0511243   0.0124817   0.1317619   0.0687864   0.0660367
   0.1160080  -0.0212065  -0.1445475  -0.3079216  -0.0074884  -0.1389354
   0.1356285  -0.2723719   0.2211189   0.1414707   0.1643775  -0.1200720
   0.1042966   0.1455104   0.1203397   0.0762964  -0.0734824   0.0411140
   0.0333663  -0.2320904   0.1037725   0.0190613  -0.0508561  -0.0187384
   0.0089929  -0.0179028  -0.2034507   0.0192426   0.0958717   0.1345082
  -0.1828998  -0.0459946   0.0495171  -0.1378711  -0.1888090  -0.1015899
   0.0921832  -0.2202418   0.2278027   0.0337040   0.0619831  -0.0133526
   0.0626982  -0.0461490  -0.1215073  -0.0328159   0.0857150  -0.0923054
   0.2350190  -0.0513421  -0.0174707   0.0769314   0.0773986   0.3283083
   0.1770187  -0.0233556   0.1464364   0.0263206  -0.1172583  -0.0565045
  -0.2019641  -0.0882969  -0.0306551  -0.1334787   0.0450534   0.0413338
  -0.0434344  -0.1486426  -0.0984503   0.2845636  -0.0620761   0.1230093
  -0.1078999   0.1266387  -0.2097538   0.0206778  -0.1495583  -0.1636157
   0.2970502   0.1169538   0.0636999  -0.1628082  -0.0545754   0.1782245
   0.0287423  -0.0462500   0.0382089  -0.0448379  -0.0208205  -0.1234594
  -0.0129012  -0.0909334  -0.0660121   0.0893500   0.0670318  -0.1228671
  -0.0763826   0.0871196   0.0075473   0.0652118  -0.0437458  -0.0365809
  -0.0514415  -0.0072453  -0.0981172   0.0323519  -0.1433337  -0.2089737
   0.1373295  -0.1762703   0.1128637   0.0349140   0.0136809  -0.1294607
   0.0102396  -0.0207661   0.1869051  -0.2083865  -0.2321434  -0.0229957
   0.1954870  -0.2581764  -0.1105928   0.0153796  -0.1705287  -0.3191312
  -0.3120597   0.0019550  -0.3156088   0.2088894   0.0214593  -0.0447944
  -0.0470217   0.0434278  -0.2333993   0.1994230   0.2170088   0.2376659
  -0.1649686  -0.1097659   0.0551426   0.1959273   0.1191389  -0.0675248
   0.0419648  -0.1295730  -0.0116403   0.0664875  -0.0090087   0.0135580
   0.1970505   0.0649714   0.1064474  -0.0679650  -0.0374178   0.0868094
   0.0677790   0.0117807  -0.1458660   0.1186395  -0.0363005   0.1193814
   0.0369677  -0.0428095  -0.2602519   0.0495797  -0.0517607   0.0332930
  -0.0584605   0.1557071   0.2742198   0.1036699   0.0470732   0.1358557
  -0.0777213  -0.2229790  -0.0739554   0.0934225   0.1291586  -0.0610791
  -0.0294954  -0.2033776  -0.1823856   0.1585974   0.3077002  -0.0037992
  -0.0215776   0.1434757  -0.0031581  -0.0910029   0.1803851  -0.0071913
   0.0915944  -0.0768096  -0.1919094  -0.2260196   0.0276092  -0.0282533
   0.2259460  -0.3028307   0.1923336  -0.0506077   0.0567941  -0.0163634
   0.1773850   0.2111893  -0.1834342   0.1305071  -0.0730464   0.0008649
   0.0057928   0.0433170  -0.0006589   0.2299158   0.0740132   0.0188661
   0.0575880   0.1622941  -0.0594872   0.1324763  -0.2183663   0.0003304
  -0.1338609   0.0988592   0.0312936  -0.1421490   0.0989278   0.1577527
   0.0607055   0.0578150   0.0317376  -0.0298785   0.2080481  -0.0308670
   0.2129359   0.0081803   0.3024414   0.1103588  -0.1032811  -0.0300218
   0.0227620   0.0595858   0.1735068   0.2200817  -0.0127366   0.2765822
  -0.0193708  -0.1138142   0.1905478  -0.1356123   0.2621398   0.1483536
  -0.0264247   0.1939889   0.2007153   0.2082835  -0.2029376  -0.0827402
  -0.0483968   0.0624137  -0.1336893  -0.0373824  -0.0270753  -0.1989254
  -0.0690204   0.2424114   0.1162648   0.1341691   0.0955938   0.0003246
  -0.2613186  -0.0866503   0.1891013  -0.2027065  -0.0568596  -0.1145966
  -0.1042968  -0.1443930  -0.0338830  -0.1022475  -0.0141605   0.1895410
  -0.0419995  -0.0520556  -0.0392826  -0.2164259  -0.0282900   0.1581487
  -0.1679873   0.1445584  -0.2822185   0.2759775   0.0862176   0.2027518
   0.0934997  -0.1032282   0.0312876  -0.1050931   0.1297204   0.0680651
   0.1049895  -0.1345821  -0.1072133   0.1644857   0.1595840  -0.1804062
   0.0706098   0.0435035   0.0420239  -0.1837618   0.0723105   0.0978312
  -0.0395259  -0.0899582  -0.0902517   0.1437735   0.1162398  -0.0264242
  -0.0683085  -0.1847116   0.0255150   0.0850857  -0.0363022  -0.0520940
  -0.0755912  -0.0081714  -0.0138397  -0.0635754  -0.1038417   0.1035013
  -0.1770732  -0.0059190  -0.0050993   0.1765926   0.0947646   0.0831885
  -0.1778147  -0.0538574   0.0165157   0.0612853   0.0363021  -0.0625741
   0.0032927   0.0918929  -0.1574230   0.1936990   0.1288277   0.1476819
   0.1815798   0.0840901  -0.0078375   0.0824766  -0.0523022   0.0827664
   0.1449599   0.1235735  -0.1877947   0.1083306  -0.0009018   0.0937873
   0.0084125  -0.0230299   0.1043411  -0.0126288   0.1123802   0.0880699
  -0.1392499  -0.0317552   0.1465890   0.1290550   0.0757713   0.0204399
  -0.0843837  -0.2103594  -0.1426893  -0.0750709  -0.0980848  -0.0275059
   0.2293694   0.1487019  -0.0531924  -0.0627297   0.0996232  -0.1043577
  -0.0217867   0.1837991   0.0990975   0.1018213   0.0688825  -0.3457939
  -0.0542185   0.0973661  -0.0669504   0.0012563   0.1086749  -0.1081778
  -0.0691988  -0.1944246  -0.0953058   0.0053689   0.2870368   0.0236759
   0.0168111  -0.1108396  -0.0540119  -0.0657986  -0.2496770  -0.0840516
   0.1718579   0.0458031  -0.0660511  -0.0669407   0.0910031   0.3240772
   0.2129002  -0.0173674  -0.1093591  -0.0863092   0.0082614   0.0175858
   0.0460834   0.0490850  -0.0121976  -0.1096177  -0.2361569  -0.0860694
   0.0248563   0.0664409  -0.0735424   0.2474833   0.0242132  -0.0975762
  -0.0288323   0.1364460   0.0075230  -0.1405607   0.0047419  -0.0892862
  -0.0836441   0.1577725  -0.0609942   0.0308715   0.1384606   0.0923373
  -0.0776813  -0.0626741  -0.0588570  -0.0128077  -0.2109380  -0.0335496
   0.0531324   0.1445832   0.0276236   0.0829096   0.0234358  -0.2032004
   0.0753350  -0.1420024   0.0331751   0.1326266   0.0817600  -0.0437753
  -0.0322763   0.0248823   0.1594059  -0.0268010   0.0246825   0.1716698
  -0.2593498   0.1799756   0.1712412   0.0927342  -0.0655130  -0.0943373
   0.0391313  -0.0184870   0.1602078   0.0640833  -0.0556305  -0.0601519
  -0.0765188  -0.2231358   0.0304602   0.0535321   0.1491261   0.0377063
  -0.0381240   0.2708839  -0.0500922   0.0189657   0.1582330   0.1299455
   0.0738954  -0.1581338  -0.0127615  -0.0543417   0.2818004  -0.0140435
  -0.1921566   0.0346206   0.1187784   0.0415482   0.0475166  -0.2096234
   0.1193060   0.0769358   0.0662225   0.0223227   0.0225283   0.0989952
  -0.1987289  -0.0404830   0.1030390  -0.2482286  -0.0180904   0.0291900
   0.0421124   0.1158491  -0.0505120   0.0625263  -0.0075657  -0.0951587
  -0.0988194   0.0269138  -0.1630322   0.0150933   0.2149444   0.0078273
  -0.2273421   0.1851975  -0.1245605  -0.1332793   0.0456304   0.1765778
   0.0490842  -0.1164055  -0.2883086   0.0755470  -0.0393023  -0.0458319
  -0.0898911  -0.0240689   0.2296737  -0.0616932  -0.1317212  -0.0244534
   0.0036865  -0.3081738   0.1603141   0.0148169   0.1146213   0.1029520
   0.0115098  -0.0719333  -0.1337114  -0.0961599  -0.1699137   0.1806042
  -0.1200334   0.1647504   0.0260738   0.0217048   0.0701543  -0.1070715
  -0.0544295  -0.2511900   0.0092227  -0.0577434  -0.0396810   0.1013423
   0.1171431  -0.0851760   0.1545489  -0.2085631  -0.1228083   0.0243328
   0.0154879   0.1522877  -0.0212331  -0.0509395  -0.0756740   0.0114528
   0.1487326  -0.1550659   0.0218604   0.1903350   0.0056442  -0.1478533
  -0.0651015  -0.1646281  -0.0943364  -0.0578877   0.0927749  -0.1917571
   0.0455668   0.0368546   0.1719638  -0.1752762  -0.2070332   0.1135714
   0.0689930  -0.1469151   0.1491983   0.1304544   0.0501641   0.0160428
   0.0169279  -0.0553096   0.0616074  -0.1643089  -0.0997470  -0.0990961
  -0.1814602   0.0329668   0.0959137  -0.0382061  -0.1473474  -0.0580297
   0.0375297  -0.1934971  -0.0398227   0.0066527   0.1608954  -0.0759147
   0.0252851   0.0038457  -0.0396414   0.2311832  -0.1398341  -0.0380743
  -0.0135397   0.0964401   0.0226879   0.0207998  -0.0201953  -0.0876394
   0.0992754  -0.1722557  -0.0192480  -0.0092957  -0.0384396   0.1382204
  -0.0251440  -0.1308409  -0.0901500  -0.1562077  -0.1120092  -0.2515902
  -0.1233626   0.0004271  -0.0289890  -0.1236351   0.1451872  -0.1027917
  -0.0935614   0.0998902   0.0970696   0.0040867  -0.0303696   0.1956280
  -0.1538967  -0.0249816   0.1113269  -0.1271626   0.1067435   0.1257723
   0.1381686   0.0547406  -0.0222618  -0.1387823   0.1311088  -0.2092704
   0.1541194   0.0865865   0.1359117  -0.0900109  -0.1674121   0.0223172
  -0.2579671   0.0416263  -0.0704944   0.0403034  -0.2242526   0.0116312
  -0.0074906  -0.2104297   0.0734068  -0.0168719  -0.1553304  -0.1991700
  -0.0290704  -0.0939216   0.1036883  -0.0020858  -0.0052024   0.2626583
   0.0829791  -0.3415990  -0.1829376   0.2431829  -0.0684340  -0.2125163
  -0.1271248   0.0967343  -0.1116585  -0.0817082   0.0669315   0.1150601
   0.0090637  -0.1143462  -0.0747268  -0.0071313  -0.3421181  -0.2112110
  -0.0765104  -0.1318086  -0.1281092   0.3090867  -0.2903071  -0.0345164
   0.0729684  -0.0457082   0.2626256  -0.0375197  -0.1715652  -0.1587460
   0.0943592  -0.2476995  -0.1692408   0.1120169  -0.1451283   0.0486792
  -0.0147895   0.1152588  -0.1206362   0.1391703   0.0458901   0.1104585
  -0.1005947   0.0328498  -0.2173627  -0.0541226   0.0759238   0.3206685
   0.0404943  -0.0327330  -0.2878882  -0.0316609  -0.0252824  -0.1301884
   0.0792810  -0.0951695  -0.0526158   0.0000913  -0.1360819  -0.1204587
   0.0658628  -0.0553136   0.1664544   0.1002103  -0.0785935   0.2229485
   0.1340638   0.3276404  -0.1074766  -0.0130764  -0.0274523  -0.2075714
  -0.1570475  -0.0875985   0.0821167   0.1697166   0.1357668  -0.1568305
   0.1009977   0.0300045   0.1305046  -0.3297627  -0.0536023  -0.2315493
   0.0534523  -0.0932297   0.1677312  -0.1139925  -0.0058037  -0.1448018
   0.2146132  -0.1372071   0.0839373  -0.0868910   0.0304298   0.1107355
   0.1010624  -0.0472671  -0.1906627   0.0661726  -0.0625152   0.2592770
  -0.1382317  -0.0351296  -0.0490014  -0.0227808  -0.1340732  -0.1274656
   0.0954637  -0.0340265  -0.0584602  -0.2221891   0.1543068  -0.0377537
  -0.1323581  -0.0065650   0.1161428  -0.0302663   0.1018575   0.0212207
   0.1166558  -0.0839975   0.2376349   0.0590142  -0.1768401   0.0755319
   0.0004047  -0.2144888  -0.0688902   0.0215603  -0.1366012  -0.1258023
   0.0706256   0.0835412   0.0557146  -0.1689370  -0.0231019  -0.1071089
   0.0952937  -0.2442934  -0.1454543  -0.0809837  -0.0134269  -0.1740813
  -0.0436491  -0.1956680  -0.1196836  -0.2342958  -0.0373203   0.0748804
  -0.0193551  -0.0318506  -0.1196721  -0.1992905  -0.1459530  -0.0972738
  70.0000000  70.0000000  70.0000000  90.0000000  90.0000000  90.0000000
